59158
59160
59162
59169
59173
59178
59180
59183
59185
59196
59199
59205
59206
59210
59216
59220
59222
59223
59225
59229
59230
59231
59234
59237
59240
59242
59243
59255
59259
59261
59265
59270
59271
59274
59290
59298
59301
59302
59306
59307
59309
59318
59322
59329
59330
59331
59333
59336
59340
59344
59345
59348
59351
59353
59355
59358
59360
59370
59371
59375
59376
59377
59379
59382
59385
59388
59389
59395
59396
59397
59407
59415
59417
59423
59430
59433
59436
59440
59441
59445
59449
59450
59454
59456
59460
59463
59466
59470
59474
59476
59479
59483
59492
59498
59508
59521
59529
59532
59535
59540
59543
59544
59550
59551
59552
59560
59562
59565
59571
59572
59574
59580
59581
59582
59584
59585
59594
59597
59604
59608
59610
59611
59617
59620
59623
59627
59628
59632
59633
59634
59636
59637
59640
59643
59648
59650
59653
59655
59657
59666
59669
59677
59678
59679
59682
59686
59693
59694
59697
59699
59701
59706
59708
59709
59710
59712
59713
59718
59720
59727
59729
59731
59732
59736
59740
59743
59750
59751
59767
59769
59770
59773
59774
59783
59785
59789
59794
59796
59799
59803
59804
59808
59810
59813
59815
59829
59832
59834
59835
59837
59838
59846
59849
59853
59862
59864
59866
59867
59869
59871
59877
59879
59883
59888
59890
59896
59898
59902
59904
59908
59909
59910
59913
59915
59917
59921
59923
59924
59930
59932
59934
59937
59938
59949
59964
59965
59999
60002
60006
60016
60021
60027
60032
60043
60044
60048
60050
60052
60055
60057
60058
60063
60064
60067
60076
60089
60102
60108
60110
60112
60116
60124
60125
60128
60131
60137
60138
60141
60144
60157
60159
60162
60165
60167
60170
60186
60187
60188
60199
60201
60211
60213
60214
60222
59143
59145
59146
59147
59151
60018
59524
60079
59467
59513
60171
60152
59484
59940
60221
59912
60209
59542
59900
60145
59211
59184
59555
59772
59737
59393
59624
59426
60220
59798
59422
59380
60069
59840
60106
59988
59384
59202
60180
59790
59692
59716
59176
59839
59830
59726
60195
59171
59201
59827
59907
59844
59654
60082
60190
59576
59272
60123

